%YAML:1.0
# General sensor definitions.
camera_id: left_cam

# Sensor extrinsics wrt. the body-frame.
T_BS:
  cols: 4
  rows: 4
  data: [0.00732892,0.00146001,0.99997211,0.00182846,
        -0.99997258,-0.00111057,0.00733054,0.02301625,
         0.00112124,-0.99999833,0.00145183,0.00197711,
         0.00000000,0.00000000,0.00000000,1.00000000]

# Camera specific definitions.
rate_hz: 30
resolution: [1280, 720]
camera_model: pinhole
intrinsics: [524.4795532226562, 524.4795532226562, 647.7245483398438, 361.56170654296875] #fu, fv, cu, cv
distortion_model: radial-tangential
distortion_coefficients: [0, 0, 0, 0]
