%YAML:1.0
# General sensor definitions.
camera_id: right_cam

# Sensor extrinsics wrt. the body-frame.
T_BS:
  cols: 4
  rows: 4
  data: [0.00330266,0.00362253,0.99998796,0.00147480,
        -0.99999361,0.00138772,0.00329765,-0.09686153,
        -0.00137576,-0.99999247,0.00362709,0.00186450,
         0.00000000,0.00000000,0.00000000,1.00000000 ]

# Camera specific definitions.
rate_hz: 30
resolution: [1280, 720]
camera_model: pinhole
intrinsics: [524.4795532226562, 524.4795532226562, 647.7245483398438, 361.56170654296875] #fu, fv, cu, cv
distortion_model: radial-tangential
distortion_coefficients: [0, 0, 0, 0]

